0.000000 2798170.000000 2798047.000000 99.000000 0.000000 24.000000 0.000000
1.000000 2798167.890000 2797948.110000 99.490000 2.040000 118.250000 0.000000
2.000000 2798166.830000 2797846.680000 102.030000 3.070000 215.000000 0.040000
3.000000 2798166.250000 2797741.700000 105.600000 3.640000 315.200000 0.100000
4.000000 2798165.890000 2797632.580000 109.760000 4.000000 419.380000 0.160000
5.000000 2798165.630000 2797518.960000 114.300000 4.260000 527.870000 0.240000
6.000000 2798165.410000 2797400.540000 119.110000 4.490000 640.940000 0.320000
7.000000 2798165.200000 2797277.100000 124.170000 4.700000 758.820000 0.400000
8.000000 2798165.000000 2797148.390000 129.460000 4.910000 881.740000 0.490000
9.000000 2798164.790000 2797014.200000 134.980000 5.130000 1009.890000 0.590000
10.000000 2798164.580000 2796874.290000 140.740000 5.350000 1143.520000 0.680000
11.000000 2798164.360000 2796728.420000 146.730000 5.580000 1282.850000 0.780000
12.000000 2798164.130000 2796576.350000 152.970000 5.820000 1428.110000 0.890000
13.000000 2798163.890000 2796417.810000 159.470000 6.060000 1579.550000 1.000000
14.000000 2798163.650000 2796252.550000 166.240000 6.320000 1737.420000 1.110000
15.000000 2798163.390000 2796080.280000 173.280000 6.590000 1902.000000 1.230000
16.000000 2798163.120000 2795900.730000 180.620000 6.870000 2073.550000 1.350000
17.000000 2798162.840000 2795713.590000 188.250000 7.160000 2252.360000 1.480000
18.000000 2798162.550000 2795518.550000 196.190000 7.460000 2438.730000 1.620000
19.000000 2798162.250000 2795315.300000 204.450000 7.780000 2632.960000 1.760000
20.000000 2798161.930000 2795103.500000 213.050000 8.110000 2835.370000 1.900000
21.000000 2798161.600000 2794882.810000 221.990000 8.450000 3046.300000 2.060000
22.000000 2798161.260000 2794652.880000 231.290000 8.810000 3266.070000 2.210000
23.000000 2798160.910000 2794413.340000 240.960000 9.170000 3495.060000 2.380000
24.000000 2798160.540000 2794163.800000 251.010000 9.560000 3733.620000 2.550000
25.000000 2798160.160000 2793903.870000 261.470000 9.960000 3982.130000 2.730000
26.000000 2798159.760000 2793633.140000 272.330000 10.370000 4241.000000 2.920000
27.000000 2798159.340000 2793351.190000 283.620000 10.810000 4510.620000 3.110000
28.000000 2798158.910000 2793057.590000 295.340000 11.250000 4791.410000 3.320000
29.000000 2798158.470000 2792751.870000 307.520000 11.720000 5083.820000 3.530000
30.000000 2798158.000000 2792433.580000 320.170000 12.210000 5388.290000 3.750000
31.000000 2798157.520000 2792102.240000 333.310000 12.710000 5705.290000 3.980000
32.000000 2798157.020000 2791757.340000 346.940000 13.230000 6035.290000 4.220000
33.000000 2798156.500000 2791398.370000 361.090000 13.770000 6378.800000 4.470000
34.000000 2798155.960000 2791024.810000 375.770000 14.340000 6736.310000 4.730000
35.000000 2798155.400000 2790636.120000 391.000000 14.920000 7108.370000 5.000000
36.000000 2798154.820000 2790231.720000 406.790000 15.530000 7495.500000 5.280000
37.000000 2798154.220000 2789811.060000 423.160000 16.160000 7898.280000 5.570000
38.000000 2798153.590000 2789373.530000 440.120000 16.810000 8317.260000 5.870000
39.000000 2798152.940000 2788918.530000 457.700000 17.490000 8753.050000 6.190000
40.000000 2798152.270000 2788445.430000 475.900000 18.190000 9206.240000 6.520000
41.000000 2798151.580000 2787953.590000 494.750000 18.910000 9677.470000 6.860000
42.000000 2798150.860000 2787442.360000 514.260000 19.660000 10167.370000 7.210000
43.000000 2798150.120000 2786911.060000 534.450000 20.440000 10676.590000 7.580000
44.000000 2798149.350000 2786359.000000 555.330000 21.250000 11205.800000 7.970000
45.000000 2798148.550000 2785785.490000 576.910000 22.080000 11755.700000 8.370000
46.000000 2798147.730000 2785189.810000 599.220000 22.940000 12326.980000 8.780000
47.000000 2798146.880000 2784571.210000 622.260000 23.840000 12920.350000 9.210000
48.000000 2798146.000000 2783928.970000 646.050000 24.760000 13536.560000 9.660000
49.000000 2798145.090000 2783262.320000 670.610000 25.710000 14176.330000 10.130000
50.000000 2798144.150000 2782570.480000 695.940000 26.690000 14840.430000 10.610000
51.000000 2798143.190000 2781852.690000 722.060000 27.700000 15529.630000 11.110000
52.000000 2798142.190000 2781108.140000 748.970000 28.750000 16244.700000 11.630000
53.000000 2798141.170000 2780336.030000 776.690000 29.830000 16986.450000 12.170000
54.000000 2798140.110000 2779535.560000 805.230000 30.940000 17755.660000 12.730000
55.000000 2798139.030000 2778705.900000 834.580000 32.080000 18553.140000 13.320000
56.000000 2798137.910000 2777846.250000 864.770000 33.260000 19379.720000 13.920000
57.000000 2798136.760000 2776955.770000 895.780000 34.470000 20236.200000 14.540000
58.000000 2798135.580000 2776033.640000 927.620000 35.720000 21123.420000 15.190000
59.000000 2798134.380000 2775079.030000 960.290000 37.000000 22042.190000 15.860000
60.000000 2798133.140000 2774091.120000 993.790000 38.310000 22993.350000 16.560000
61.000000 2798131.870000 2773069.100000 1028.110000 39.660000 23977.710000 17.280000
62.000000 2798130.570000 2772012.150000 1063.250000 41.040000 24996.090000 18.030000
63.000000 2798129.240000 2770919.480000 1099.190000 42.460000 26049.310000 18.800000
64.000000 2798127.880000 2769790.290000 1135.930000 43.910000 27138.150000 19.600000
65.000000 2798126.490000 2768623.820000 1173.440000 45.390000 28263.420000 20.420000
66.000000 2798125.080000 2767419.310000 1211.700000 46.910000 29425.880000 21.270000
67.000000 2798123.630000 2766176.040000 1250.710000 48.450000 30626.280000 22.160000
68.000000 2798122.170000 2764893.290000 1290.420000 50.030000 31865.360000 23.070000
69.000000 2798120.680000 2763570.400000 1330.810000 51.640000 33143.820000 24.010000
70.000000 2798119.170000 2762206.720000 1371.850000 53.280000 34462.340000 24.980000
71.000000 2798117.640000 2760801.650000 1413.500000 54.940000 35821.570000 25.980000
72.000000 2798116.090000 2759354.620000 1455.710000 56.640000 37222.110000 27.010000
73.000000 2798114.520000 2757865.110000 1498.450000 58.350000 38664.530000 28.080000
74.000000 2798112.940000 2756332.660000 1541.670000 60.090000 40149.350000 29.170000
75.000000 2798111.350000 2754756.840000 1585.300000 61.850000 41677.050000 30.300000
76.000000 2798109.750000 2753137.310000 1629.290000 63.640000 43248.040000 31.470000
77.000000 2798108.140000 2751473.770000 1673.580000 65.430000 44862.690000 32.660000
78.000000 2798106.530000 2749765.980000 1718.100000 67.250000 46521.310000 33.890000
79.000000 2798104.920000 2748013.790000 1762.780000 69.070000 48224.120000 35.160000
80.000000 2798103.320000 2746217.120000 1807.550000 70.910000 49971.290000 36.460000
81.000000 2798101.720000 2744375.960000 1852.320000 72.750000 51762.910000 37.790000
82.000000 2798100.140000 2742490.390000 1897.010000 74.590000 53598.990000 39.160000
83.000000 2798098.580000 2740560.590000 1941.530000 76.440000 55479.460000 40.560000
84.000000 2798097.030000 2738586.800000 1985.800000 78.280000 57404.160000 42.000000
85.000000 2798095.520000 2736569.390000 2029.710000 80.110000 59372.840000 43.470000
86.000000 2798094.030000 2734508.800000 2073.170000 81.930000 61385.150000 44.970000
87.000000 2798092.590000 2732405.590000 2116.080000 83.740000 63440.660000 46.510000
88.000000 2798091.180000 2730260.400000 2158.330000 85.530000 65538.830000 48.090000
89.000000 2798089.820000 2728073.990000 2199.830000 87.300000 67679.010000 49.700000
90.000000 2798088.520000 2725847.240000 2240.450000 89.040000 69860.450000 51.340000
